400975565,20180209
400975346,20180109
400975262,20171228
400975186,20171216
400975001,20171120
400975002,20171120
400974988,20171119
400974986,20171119
400974987,20171119
400974989,20171119
400974990,20171119
400974991,20171119
400974979,20171118
400974980,20171118
400974981,20171118
400974982,20171118
400974983,20171118
400974984,20171118
400974985,20171118
400974968,20171117
400974969,20171117
400974970,20171117
400974971,20171117
400974972,20171117
400974973,20171117
400974974,20171117
400974975,20171117
400974976,20171117
400974977,20171117
400974978,20171117
400974966,20171116
400974967,20171116
400974955,20171115
400974956,20171115
400974957,20171115
400974958,20171115
400974959,20171115
400974960,20171115
400974961,20171115
400974962,20171115
400974963,20171115
400974964,20171115
400974965,20171115
400974952,20171114
400974880,20171103
400978807,20171007
400900412,20170316
400900328,20170305
400900321,20170304
400899398,20170301
400900275,20170225
400900243,20170215
400900151,20170203
400900146,20170131
400900089,20170123
400900066,20170120
400900025,20170114
400899994,20170110
400899979,20170107
400899980,20170107
400899942,20161230
400899924,20161228
400899905,20161226
400899884,20161223
400899885,20161223
400899876,20161221
400899841,20161217
400899833,20161216
400899788,20161210
400899793,20161210
400899775,20161208
400899731,20161202
400899367,20161201
400899392,20161201
400899718,20161130
400899722,20161130
400899723,20161130
400899710,20161129
400899712,20161129
400899506,20161102
400899507,20161102
400899508,20161102
400899509,20161102
400899510,20161102
400899511,20161102
400899512,20161102
400899513,20161102
400899514,20161102
400899497,20161101
400899496,20161101
400899498,20161101
400899499,20161101
400899500,20161101
400899501,20161101
400899502,20161101
400899503,20161101
400899504,20161101
400899492,20161031
400899493,20161031
400899494,20161031
400899495,20161031
400905361,20161008
400899094,20161006
400829030,20160403
400829033,20160403
400829034,20160403
400828383,20160102
400828384,20160102
400828385,20160102
400828386,20160102
400828387,20160102
400828388,20160102
400828389,20160102
400828390,20160102
400828391,20160102
400828392,20160102
400828377,20160101
400828378,20160101
400828379,20160101
400828380,20160101
400828381,20160101
400828371,20151231
400828373,20151231
400828372,20151231
400828374,20151231
400828375,20151231
400828376,20151231
400828138,20151129
400828083,20151122
400827889,20151027
400578906,20150119
400553061,20140430
400490053,20140411
400489359,20140103
400489169,20131207
400278940,20130417
400278888,20130410
400278889,20130410
400278581,20130228
400278562,20130225
400278450,20130206
400278436,20130205
400278437,20130205
400278351,20130124
400278342,20130123
400278280,20130114
400278282,20130114
400278283,20130114
400278269,20130113
400278270,20130113
400278272,20130113
400278273,20130113
400278274,20130113
400278152,20121228
400278042,20121213
400278027,20121211
400277874,20121120
400277816,20121112
400277818,20121112
400277819,20121112
400277820,20121112
400277814,20121111
400277802,20121110
400277803,20121110
400277805,20121110
400277808,20121110
400277809,20121110
400277788,20121109
400277791,20121109
400277792,20121109
400277794,20121109
400277796,20121109
400277787,20121108
400277777,20121107
400277781,20121107
400277783,20121107
400277771,20121106
400277772,20121106
400277764,20121105
400277766,20121105
400277769,20121105
400277747,20121103
400277754,20121103
400277735,20121102
400277739,20121102
400277740,20121102
400277743,20121102
400277746,20121102
400277728,20121031
400277729,20121031
400277731,20121031
400277721,20121030
400400569,20121026
400400570,20121026
400400508,20121026
400400571,20121026
400400572,20121026
400400573,20121026
400400574,20121026
400400575,20121026
400400564,20121025
400400565,20121025
400400566,20121025
400400567,20121025
400400559,20121024
400400561,20121024
400400562,20121024
400400553,20121023
400400554,20121023
400400555,20121023
400400556,20121023
400400548,20121022
400416028,20121022
400400549,20121022
400400550,20121022
400400551,20121022
400400552,20121022
400400544,20121021
400400545,20121021
400400546,20121021
400400540,20121020
400400538,20121020
400400539,20121020
400400541,20121020
400400542,20121020
400400543,20121020
400400530,20121019
400400531,20121019
400400532,20121019
400400533,20121019
400400534,20121019
400400535,20121019
400400526,20121018
400400528,20121018
400400519,20121017
400400520,20121017
400400521,20121017
400400522,20121017
400400523,20121017
400400524,20121017
400400525,20121017
400400517,20121016
400400480,20121010
320403013,20120403
320326028,20120326
320326030,20120326
320326017,20120326
320326018,20120326
320326004,20120326
320326012,20120326
320325016,20120325
320325024,20120325
320325022,20120325
320325013,20120325
320323028,20120323
320323030,20120323
320323008,20120323
320323013,20120323
320323026,20120323
320322022,20120322
320213015,20120213
320123022,20120123
310405027,20110405
310330011,20110330
310214015,20110214
310209027,20110209
310209009,20110209
310208001,20110208
310207003,20110207
310207029,20110207
310131012,20110131
310117020,20110117
310117008,20110117
301228014,20101228
301110001,20101110
301017013,20101017
300418006,20100418
300330004,20100330
300217015,20100217
300118009,20100118
300111026,20100111
300110028,20100110
300110022,20100110
300106024,20100106
300106012,20100106
300105030,20100105
300104014,20100104
300104004,20100104
300104026,20100104
300104012,20100104
300103005,20100103
300103013,20100103
300102017,20100102
300102002,20100102
300102015,20100102
300102022,20100102
291228022,20091228
291227005,20091227
291227007,20091227
291216015,20091216
291215021,20091215
291123029,20091123
291118029,20091118
291118006,20091118
291117014,20091117
291117003,20091117
291117010,20091117
291116001,20091116
291023017,20091023
291009024,20091009
291008132,20091008
291006021,20091006
290315028,20090315
290309007,20090309
290309022,20090309
290308025,20090308
290308023,20090308
290112003,20090112
281215006,20081215
281208025,20081208
281118002,20081118
281017009,20081016
281014005,20081014
281011021,20081011
281005014,20081005
280401017,20080401
280322021,20080322
280206018,20080206
271211026,20071211
271128006,20071128
271111001,20071111
271104012,20071104
271020019,20071020
271018136,20071018
271017028,20071017
271015009,20071015
271012007,20071012
271011131,20071011
271011132,20071011
271009130,20071009
271008020,20071008
271007129,20071007
271006128,20071006
270418005,20070418
270407019,20070407
270407024,20070407
270407026,20070407
270316009,20070316
270225017,20070225
270225011,20070225
270224012,20070224
270224006,20070224
270223016,20070223
270223030,20070223
270223017,20070223
270214016,20070214
270214019,20070214
270129010,20070129
270110007,20070110
270103028,20070103
261229009,20061229
261229010,20061229
261229014,20061229
261229008,20061229
261228006,20061228
261228024,20061228
261228007,20061228
261227001,20061227
261227019,20061227
261227022,20061227
261227023,20061227
261227028,20061227
261206002,20061206
261109021,20061109
261027015,20061027
261027001,20061027
261024030,20061024
261022023,20061022
261022013,20061022
261019001,20061019
261018007,20061018
261018008,20061018
261018005,20061018
261017013,20061017
261017030,20061017
261015004,20061015
261013016,20061013
261013002,20061013
261013010,20061013
261010013,20061010
261010020,20061010
261009027,20061009
260404005,20060404
260330013,20060330
260329005,20060329
260315017,20060315
260212025,20060212
251215005,20051215
251210017,20051210
251205004,20051205
251114029,20051114
251028013,20051028
251028016,20051028
251028025,20051028
251028001,20051028
251027001,20051027
251026021,20051026
251025013,20051025
251024014,20051024
251024028,20051024
251024009,20051024
251023005,20051023
251023023,20051023
251023013,20051023
251020016,20051020
251020020,20051020
251020022,20051020
251020003,20051020
251019015,20051019
250413011,20050413
250406016,20050406
250405014,20050405
250330022,20050330
250330030,20050330
250304002,20050304
250216030,20050216
241028015,20041028
241028005,20041028
241028013,20041028
241027010,20041027
241025005,20041025
241025013,20041025
241024013,20041024
241022016,20041022
241022030,20041022
241021003,20041021
241020008,20041020
241020005,20041020
241019013,20041019
241017023,20041017
241017020,20041017
241017013,20041017
241016003,20041016
241016005,20041016
241016014,20041016
241016017,20041016
241015014,20041015
241014007,20041014
241014018,20041014
241014001,20041014
241013001,20041013
241013015,20041013
241012002,20041012
241012013,20041012
241012020,20041012
241011011,20041011
240328019,20040328
240328015,20040328
240328023,20040328
240328011,20040328
240328009,20040328
240328002,20040328
240328013,20040328
240327001,20040327
240327022,20040327
240327026,20040327
240327005,20040327
240327008,20040327
240327012,20040327
240327024,20040327
240326003,20040326
240326019,20040326
240326020,20040326
240326029,20040326
240326004,20040326
240326009,20040326
240326013,20040326
240326018,20040326
240326025,20040326
240326002,20040326
240326014,20040326
240325001,20040325
240325012,20040325
240325024,20040325
240324007,20040324
240324019,20040324
240324020,20040324
240324022,20040324
240324025,20040324
240324009,20040324
240324010,20040324
240324013,20040324
240324018,20040324
240324011,20040324
240323003,20040323
240323005,20040323
240323016,20040323
240323023,20040323
240323026,20040323
240323029,20040323
240323004,20040323
240322007,20040322
240322011,20040322
240322020,20040322
240322022,20040322
240322018,20040322
240321012,20040321
240321017,20040321
240321016,20040321
240321005,20040321
240321027,20040321
240321023,20040321
240321003,20040321
240321025,20040321
240321013,20040321
240320014,20040320
240320001,20040320
240320021,20040320
240320022,20040320
240320029,20040320
240320004,20040320
240320024,20040320
240319003,20040319
240319006,20040319
240319021,20040319
240319027,20040319
240319028,20040319
240319005,20040319
240319009,20040319
240319011,20040319
240319013,20040319
240319018,20040319
240319008,20040319
240318017,20040318
240318029,20040318
240318024,20040318
240317002,20040317
240317003,20040317
240317011,20040317
240317027,20040317
240317006,20040317
240317009,20040317
240317012,20040317
240317028,20040317
240316005,20040316
240316015,20040316
240316021,20040316
240316029,20040316
240316001,20040316
240316014,20040316
240316017,20040316
240316018,20040316
240315010,20040315
240315009,20040315
240315013,20040315
240314023,20040314
240314008,20040314
240314028,20040314
240314015,20040314
240314016,20040314
240314005,20040314
240314014,20040314
240314012,20040314
240314007,20040314
240313003,20040313
240313019,20040313
240313021,20040313
240313027,20040313
240313004,20040313
240313010,20040313
240312016,20040312
240312020,20040312
240312021,20040312
240312022,20040312
240312029,20040312
240312001,20040312
240312002,20040312
240312014,20040312
240312015,20040312
240312017,20040312
240312024,20040312
240311010,20040311
240311023,20040311
240310002,20040310
240310003,20040310
240310015,20040310
240310019,20040310
240310022,20040310
240310026,20040310
240310028,20040310
240310008,20040310
240310017,20040310
240310024,20040310
240309011,20040309
240309023,20040309
240309025,20040309
240309027,20040309
240309029,20040309
240309004,20040309
240309010,20040309
240309014,20040309
240309018,20040309
240308020,20040308
240308026,20040308
240308001,20040308
240308006,20040308
240307010,20040307
240307013,20040307
240307028,20040307
240307027,20040307
240307009,20040307
240307019,20040307
240307025,20040307
240307012,20040307
240307016,20040307
240307007,20040307
240306012,20040306
240306014,20040306
240306007,20040306
240306020,20040306
240306021,20040306
240306022,20040306
240306005,20040306
240305003,20040305
240305016,20040305
240305019,20040305
240305024,20040305
240305026,20040305
240305028,20040305
240305002,20040305
240305009,20040305
240305013,20040305
240304022,20040304
240304014,20040304
240304020,20040304
240303003,20040303
240303005,20040303
240303016,20040303
240303019,20040303
240303021,20040303
240303022,20040303
240303027,20040303
240303012,20040303
240303018,20040303
240303024,20040303
240303010,20040303
240302007,20040302
240302023,20040302
240302001,20040302
240302006,20040302
240302009,20040302
240302014,20040302
240301002,20040301
240301026,20040301
240301027,20040301
240301004,20040301
240301024,20040301
240229012,20040229
240229028,20040229
240229015,20040229
240229010,20040229
240229017,20040229
240229023,20040229
240229007,20040229
240229020,20040229
240228017,20040228
240228027,20040228
240228001,20040228
240228029,20040228
240228004,20040228
240228006,20040228
240228024,20040228
240228011,20040228
240227025,20040227
240227002,20040227
240227003,20040227
240227016,20040227
240227019,20040227
240227023,20040227
240227010,20040227
240227012,20040227
240227015,20040227
240227008,20040227
240226006,20040226
240226027,20040226
240226013,20040226
240225002,20040225
240225003,20040225
240225007,20040225
240225016,20040225
240225021,20040225
240225025,20040225
240225028,20040225
240225029,20040225
240225004,20040225
240225010,20040225
240224011,20040224
240224015,20040224
240224019,20040224
240224023,20040224
240224026,20040224
240224001,20040224
240224006,20040224
240224017,20040224
240224024,20040224
240223005,20040223
240223020,20040223
240223029,20040223
240223014,20040223
240222018,20040222
240222028,20040222
240222016,20040222
240222011,20040222
240222021,20040222
240222008,20040222
240222025,20040222
240222027,20040222
240222010,20040222
240221022,20040221
240221004,20040221
240221006,20040221
240221009,20040221
240221014,20040221
240221015,20040221
240221017,20040221
240220019,20040220
240220027,20040220
240220029,20040220
240220004,20040220
240220005,20040220
240220009,20040220
240220013,20040220
240220014,20040220
240220018,20040220
240220028,20040220
240220008,20040220
240219016,20040219
240219025,20040219
240219012,20040219
240218003,20040218
240218005,20040218
240218019,20040218
240218022,20040218
240218028,20040218
240218008,20040218
240218009,20040218
240218017,20040218
240217007,20040217
240217011,20040217
240217015,20040217
240217016,20040217
240217023,20040217
240217029,20040217
240217004,20040217
240217010,20040217
240217013,20040217
240217014,20040217
240217018,20040217
240215032,20040215
240212022,20040212
240212025,20040212
240212004,20040212
240211003,20040211
240211005,20040211
240211019,20040211
240211020,20040211
240211026,20040211
240211029,20040211
240211008,20040211
240211009,20040211
240211010,20040211
240210015,20040210
240210016,20040210
240210022,20040210
240210025,20040210
240210004,20040210
240210006,20040210
240210014,20040210
240210017,20040210
240210021,20040210
240209005,20040209
240209007,20040209
240209001,20040209
240209010,20040209
240208022,20040208
240208019,20040208
240208011,20040208
240208016,20040208
240208023,20040208
240208009,20040208
240208018,20040208
240208017,20040208
240207014,20040207
240207001,20040207
240207020,20040207
240207021,20040207
240207005,20040207
240207006,20040207
240207015,20040207
240206003,20040206
240206016,20040206
240206021,20040206
240206026,20040206
240206027,20040206
240206029,20040206
240206002,20040206
240206009,20040206
240206010,20040206
240206023,20040206
240206028,20040206
240206017,20040206
240205025,20040205
240205020,20040205
240204002,20040204
240204003,20040204
240204021,20040204
240204026,20040204
240204027,20040204
240204028,20040204
240204001,20040204
240204010,20040204
240204017,20040204
240204005,20040204
240203016,20040203
240203020,20040203
240203023,20040203
240203006,20040203
240203008,20040203
240203018,20040203
240202003,20040202
240202007,20040202
240202011,20040202
240202021,20040202
240202025,20040202
240202026,20040202
240202029,20040202
240202001,20040202
240202014,20040202
240201027,20040201
240201028,20040201
240201016,20040201
240131006,20040131
240131010,20040131
240131001,20040131
240131003,20040131
240131019,20040131
240131022,20040131
240131025,20040131
240131008,20040131
240131018,20040131
240131024,20040131
240131011,20040131
240130020,20040130
240130027,20040130
240130028,20040130
240130029,20040130
240130002,20040130
240130009,20040130
240130013,20040130
240130014,20040130
240130015,20040130
240129019,20040129
240129001,20040129
240129024,20040129
240128002,20040128
240128003,20040128
240128005,20040128
240128007,20040128
240128011,20040128
240128026,20040128
240128027,20040128
240128029,20040128
240128009,20040128
240128013,20040128
240128028,20040128
240128010,20040128
240127020,20040127
240127025,20040127
240127001,20040127
240127012,20040127
240127018,20040127
240126005,20040126
240126007,20040126
240126015,20040126
240126026,20040126
240126027,20040126
240126014,20040126
240125006,20040125
240125017,20040125
240125004,20040125
240125016,20040125
240125029,20040125
240125008,20040125
240125019,20040125
240124022,20040124
240124025,20040124
240124026,20040124
240124027,20040124
240124005,20040124
240124018,20040124
240124024,20040124
240123003,20040123
240123016,20040123
240123020,20040123
240123029,20040123
240123001,20040123
240123002,20040123
240123004,20040123
240123012,20040123
240123014,20040123
240123015,20040123
240123011,20040123
240123021,20040123
240122005,20040122
240122025,20040122
240122006,20040122
240121003,20040121
240121007,20040121
240121015,20040121
240121028,20040121
240121029,20040121
240121001,20040121
240121012,20040121
240121024,20040121
240121010,20040121
240120005,20040120
240120011,20040120
240120023,20040120
240120026,20040120
240120006,20040120
240120014,20040120
240119012,20040119
240119018,20040119
240119027,20040119
240119001,20040119
240119020,20040119
240119008,20040119
240119019,20040119
240119016,20040119
240119029,20040119
240119009,20040119
240119013,20040119
240118002,20040118
240118021,20040118
240118007,20040118
240117020,20040117
240117010,20040117
240117001,20040117
240117003,20040117
240117022,20040117
240117026,20040117
240117027,20040117
240117004,20040117
240117013,20040117
240117015,20040117
240117017,20040117
240116007,20040116
240116011,20040116
240116019,20040116
240116021,20040116
240116012,20040116
240116018,20040116
240116023,20040116
240116008,20040116
240115003,20040115
240115015,20040115
240115022,20040115
240115026,20040115
240115029,20040115
240115009,20040115
240114002,20040114
240114011,20040114
240114008,20040114
240114013,20040114
240114017,20040114
240114018,20040114
240114024,20040114
240114006,20040114
240113003,20040113
240113015,20040113
240113021,20040113
240113023,20040113
240113025,20040113
240113026,20040113
240113027,20040113
240113001,20040113
240113004,20040113
240113012,20040113
240112013,20040112
240112009,20040112
240112018,20040112
240112019,20040112
240111028,20040111
240111008,20040111
240111023,20040111
240111012,20040111
240111010,20040111
240110016,20040110
240110026,20040110
240110027,20040110
240110004,20040110
240110009,20040110
240110018,20040110
240110024,20040110
240109003,20040109
240109006,20040109
240109007,20040109
240109019,20040109
240109020,20040109
240109028,20040109
240109002,20040109
240109004,20040109
240109013,20040109
240109015,20040109
240109025,20040109
240109021,20040109
240108018,20040108
240108016,20040108
240107002,20040107
240107003,20040107
240107007,20040107
240107015,20040107
240107020,20040107
240107025,20040107
240107028,20040107
240107008,20040107
240107014,20040107
240107006,20040107
240106005,20040106
240106011,20040106
240106016,20040106
240106023,20040106
240106017,20040106
240106024,20040106
240105002,20040105
240105007,20040105
240105020,20040105
240105025,20040105
240105026,20040105
240105004,20040105
240105010,20040105
240105014,20040105
240104028,20040104
240104027,20040104
240104023,20040104
240104012,20040104
240104018,20040104
240103024,20040103
240103012,20040103
240103029,20040103
240103004,20040103
240103006,20040103
240103008,20040103
240103010,20040103
240103007,20040103
240103011,20040103
240102016,20040102
240102022,20040102
240102027,20040102
240102028,20040102
240102029,20040102
240102002,20040102
240102014,20040102
240102015,20040102
240102017,20040102
240102018,20040102
240102025,20040102
240102008,20040102
231231002,20031231
231231008,20031231
231231012,20031231
231231017,20031231
231231010,20031231
231230005,20031230
231230007,20031230
231230016,20031230
231230027,20031230
231230029,20031230
231230006,20031230
231230018,20031230
231229011,20031229
231229019,20031229
231229026,20031229
231229004,20031229
231229008,20031229
231229009,20031229
231229010,20031229
231229012,20031229
231229017,20031229
231228012,20031228
231228023,20031228
231228021,20031228
231228024,20031228
231228013,20031228
231228005,20031228
231228007,20031228
231227001,20031227
231227025,20031227
231227004,20031227
231227006,20031227
231227014,20031227
231227011,20031227
231226003,20031226
231226007,20031226
231226021,20031226
231226026,20031226
231226027,20031226
231226029,20031226
231226005,20031226
231226009,20031226
231226012,20031226
231226015,20031226
231226022,20031226
231226024,20031226
231226008,20031226
231225019,20031225
231225023,20031225
231225013,20031225
231223005,20031223
231223015,20031223
231223022,20031223
231223023,20031223
231223025,20031223
231223001,20031223
231223009,20031223
231223010,20031223
231223014,20031223
231223017,20031223
231223018,20031223
231223024,20031223
231222007,20031222
231222020,20031222
231222004,20031222
231221028,20031221
231221002,20031221
231221008,20031221
231221014,20031221
231221023,20031221
231221013,20031221
231220003,20031220
231220007,20031220
231220021,20031220
231220022,20031220
231220004,20031220
231220006,20031220
231220015,20031220
231220018,20031220
231220016,20031220
231219019,20031219
231219020,20031219
231219028,20031219
231219029,20031219
231219001,20031219
231219002,20031219
231219010,20031219
231219013,20031219
231219017,20031219
231219025,20031219
231219011,20031219
231218016,20031218
231218003,20031218
231218022,20031218
231217005,20031217
231217011,20031217
231217020,20031217
231217025,20031217
231217001,20031217
231217008,20031217
231217012,20031217
231217017,20031217
231217024,20031217
231217002,20031217
231216007,20031216
231216016,20031216
231216021,20031216
231216022,20031216
231216027,20031216
231216029,20031216
231216004,20031216
231216014,20031216
231216018,20031216
231215002,20031215
231215011,20031215
231215006,20031215
231215012,20031215
231215024,20031215
231214025,20031214
231214028,20031214
231214020,20031214
231214023,20031214
231214018,20031214
231213022,20031213
231213029,20031213
231213001,20031213
231213004,20031213
231213005,20031213
231213012,20031213
231213018,20031213
231213024,20031213
231212020,20031212
231212026,20031212
231212027,20031212
231212002,20031212
231212009,20031212
231212011,20031212
231212013,20031212
231212014,20031212
231212015,20031212
231212008,20031212
231212019,20031212
231211005,20031211
231211010,20031211
231211021,20031211
231210002,20031210
231210015,20031210
231210026,20031210
231210027,20031210
231210029,20031210
231210012,20031210
231210024,20031210
231209005,20031209
231209011,20031209
231209016,20031209
231209023,20031209
231209001,20031209
231209008,20031209
231209010,20031209
231209013,20031209
231209014,20031209
231209017,20031209
231208003,20031208
231208019,20031208
231208026,20031208
231208004,20031208
231207012,20031207
231207029,20031207
231207028,20031207
231207023,20031207
231207013,20031207
231207007,20031207
231206004,20031206
231206005,20031206
231206006,20031206
231206009,20031206
231206010,20031206
231206014,20031206
231206015,20031206
231206017,20031206
231205003,20031205
231205007,20031205
231205022,20031205
231205026,20031205
231205028,20031205
231205029,20031205
231205002,20031205
231205014,20031205
231205017,20031205
231205023,20031205
231205025,20031205
231205019,20031205
231204020,20031204
231204006,20031204
231203003,20031203
231203021,20031203
231203022,20031203
231203025,20031203
231203028,20031203
231203008,20031203
231203009,20031203
231203010,20031203
231203012,20031203
231203017,20031203
231203024,20031203
231202007,20031202
231202019,20031202
231202020,20031202
231202001,20031202
231202006,20031202
231201002,20031201
231201021,20031201
231201026,20031201
231201004,20031201
231201012,20031201
231201018,20031201
231130023,20031130
231130013,20031130
231129018,20031129
231129020,20031129
231129025,20031129
231129027,20031129
231129005,20031129
231129006,20031129
231129009,20031129
231129012,20031129
231129014,20031129
231129015,20031129
231128007,20031128
231128021,20031128
231128022,20031128
231128023,20031128
231128026,20031128
231128029,20031128
231128001,20031128
231128002,20031128
231128013,20031128
231128008,20031128
231128011,20031128
231128019,20031128
231127012,20031127
231127011,20031127
231126003,20031126
231126016,20031126
231126019,20031126
231126020,20031126
231126021,20031126
231126026,20031126
231126001,20031126
231126013,20031126
231126024,20031126
231125007,20031125
231125011,20031125
231125015,20031125
231125022,20031125
231125023,20031125
231125025,20031125
231125006,20031125
231125014,20031125
231124002,20031124
231124019,20031124
231124001,20031124
231124012,20031124
231123028,20031123
231123023,20031123
231123008,20031123
231123009,20031123
231123025,20031123
231123013,20031123
231122017,20031122
231122001,20031122
231122016,20031122
231122021,20031122
231122006,20031122
231122018,20031122
231121003,20031121
231121007,20031121
231121020,20031121
231121023,20031121
231121026,20031121
231121009,20031121
231121013,20031121
231121022,20031121
231121024,20031121
231121025,20031121
231121005,20031121
231121008,20031121
231120006,20031120
231120021,20031120
231119002,20031119
231119007,20031119
231119011,20031119
231119022,20031119
231119026,20031119
231119027,20031119
231119028,20031119
231119010,20031119
231119018,20031119
231119029,20031119
231118005,20031118
231118015,20031118
231118016,20031118
231118021,20031118
231118025,20031118
231118008,20031118
231118017,20031118
231118024,20031118
231117020,20031117
231117026,20031117
231117001,20031117
231117006,20031117
231117018,20031117
231116028,20031116
231116023,20031116
231116013,20031116
231115001,20031115
231115003,20031115
231115021,20031115
231115027,20031115
231115029,20031115
231115004,20031115
231115005,20031115
231115012,20031115
231115015,20031115
231115018,20031115
231114016,20031114
231114023,20031114
231114002,20031114
231114009,20031114
231114010,20031114
231114011,20031114
231114013,20031114
231114014,20031114
231114017,20031114
231114020,20031114
231114007,20031114
231113006,20031113
231113022,20031113
231113004,20031113
231112009,20031112
231112002,20031112
231112003,20031112
231112015,20031112
231112017,20031112
231112019,20031112
231112021,20031112
231112013,20031112
231112014,20031112
231111011,20031111
231111016,20031111
231111022,20031111
231111023,20031111
231111027,20031111
231111006,20031111
231111010,20031111
231111012,20031111
231110005,20031110
231110024,20031110
231110029,20031110
231110004,20031110
231110009,20031110
231109028,20031109
231109002,20031109
231109008,20031109
231109020,20031109
231109025,20031109
231108003,20031108
231108022,20031108
231108026,20031108
231108005,20031108
231108010,20031108
231108014,20031108
231108015,20031108
231108024,20031108
231107003,20031107
231107007,20031107
231107021,20031107
231107027,20031107
231107002,20031107
231107004,20031107
231107009,20031107
231107011,20031107
231107018,20031107
231107025,20031107
231107008,20031107
231107019,20031107
231106017,20031106
231106028,20031106
231106024,20031106
231105016,20031105
231105019,20031105
231105020,20031105
231105026,20031105
231105027,20031105
231105008,20031105
231105009,20031105
231105018,20031105
231105022,20031105
231105005,20031105
231104011,20031104
231104015,20031104
231104017,20031104
231104024,20031104
231103019,20031103
231103022,20031103
231103026,20031103
231103029,20031103
231103001,20031103
231103004,20031103
231103006,20031103
231102013,20031102
231101001,20031101
231101003,20031101
231101007,20031101
231101016,20031101
231101019,20031101
231101021,20031101
231101022,20031101
231101027,20031101
231101006,20031101
231101009,20031101
231101010,20031101
231101015,20031101
231101024,20031101
231031012,20031031
231031028,20031031
231031029,20031031
231031004,20031031
231031011,20031031
231031014,20031031
231031023,20031031
231031017,20031031
231030010,20031030
231030019,20031030
231030025,20031030
231030021,20031030
231029002,20031029
231029003,20031029
231029007,20031029
231029016,20031029
231029026,20031029
231029004,20031029
231029009,20031029
231029023,20031029
231029008,20031029
231029018,20031029
231029028,20031029
231028020,20031028
231028024,20031028
231028013,20031028
231024007,20031024
231024019,20031024
231024021,20031024
231024024,20031024
231024001,20031024
231024002,20031024
231024012,20031024
231024013,20031024
231024015,20031024
231023004,20031023
231023013,20031023
231023018,20031023
231022002,20031022
231022005,20031022
231022019,20031022
231022022,20031022
231022023,20031022
231022025,20031022
231022010,20031022
231022024,20031022
231021014,20031021
231021028,20031021
231021006,20031021
231021008,20031021
231021017,20031021
231020016,20031020
231020020,20031020
231020022,20031020
231020027,20031020
231019008,20031019
231019009,20031019
231019023,20031019
231019024,20031019
231019013,20031019
231018003,20031018
231018025,20031018
231018029,20031018
231018002,20031018
231018004,20031018
231018006,20031018
231018017,20031018
231017012,20031017
231017011,20031017
231017026,20031017
231017028,20031017
231017029,20031017
231017013,20031017
231017017,20031017
231017024,20031017
231017008,20031017
231016012,20031016
231016003,20031016
231016001,20031016
231016010,20031016
231016013,20031016
231016026,20031016
231015011,20031015
231015008,20031015
231015009,20031015
231014019,20031014
231014022,20031014
231014023,20031014
231014026,20031014
231014029,20031014
231014004,20031014
231014012,20031014
231014013,20031014
231014014,20031014
231014017,20031014
231015016,20031014
231013005,20031013
231013016,20031013
231012008,20031012
231012010,20031012
231012018,20031012
231011018,20031011
231011011,20031011
231011019,20031011
231011020,20031011
231011021,20031011
231011026,20031011
231011006,20031011
231011009,20031011
231011015,20031011
231010004,20031010
231010010,20031010
231010012,20031010
231010014,20031010
231010027,20031010
231009007,20031009
231009022,20031009
231009015,20031009
231009018,20031009
231008024,20031008
231008013,20031008
231008001,20031008
231008011,20031008
231008025,20031008
231008028,20031008
231008002,20031008
231008003,20031008
231007021,20031007
231007022,20031007
231007023,20031007
231007027,20031007
231007006,20031007
231007008,20031007
231007013,20031007
231007014,20031007
231006029,20031006
231005006,20031005
230615024,20030615
230613017,20030613
230611017,20030611
230608017,20030608
230606024,20030606
230604024,20030604
230529006,20030529
230527024,20030527
230525006,20030525
230524017,20030524
230523006,20030523
230522017,20030522
230521024,20030521
230520008,20030520
230519024,20030519
230518008,20030518
230517006,20030517
230516020,20030516
230515013,20030515
230515023,20030515
230514008,20030514
230513006,20030513
230513024,20030513
230512002,20030512
230511013,20030511
230511023,20030511
230511020,20030511
230510023,20030510
230510020,20030510
230509013,20030509
230509002,20030509
230508008,20030508
230508006,20030508
230507017,20030507
230507024,20030507
230506006,20030506
230506008,20030506
230505017,20030505
230505024,20030505
230504008,20030504
230504006,20030504
230502019,20030502
230502022,20030502
230502003,20030502
230501021,20030501
230501002,20030501
230501015,20030501
230501013,20030501
230430020,20030430
230430006,20030430
230430008,20030430
230430023,20030430
230429024,20030429
230429017,20030429
230429011,20030429
230429016,20030429
230428003,20030428
230428026,20030428
230427002,20030427
230427013,20030427
230427022,20030427
230427019,20030427
230427021,20030427
230426015,20030426
230426003,20030426
230426026,20030426
230425021,20030425
230425022,20030425
230425019,20030425
230424002,20030424
230424015,20030424
230424013,20030424
230423020,20030423
230423008,20030423
230423006,20030423
230422017,20030422
230422016,20030422
230421024,20030421
230421011,20030421
230421023,20030421
230420008,20030420
230420016,20030420
230420020,20030420
230419017,20030419
230419011,20030419
230419024,20030419
230419006,20030419
230419023,20030419
230416002,20030416
230416005,20030416
230416007,20030416
230416011,20030416
230416015,20030416
230416020,20030416
230416023,20030416
230416025,20030416
230416029,20030416
230416003,20030416
230416009,20030416
230416012,20030416
230416024,20030416
230415022,20030415
230415028,20030415
230415004,20030415
230415010,20030415
230415013,20030415
230415018,20030415
230414026,20030414
230414027,20030414
230414001,20030414
230414006,20030414
230414008,20030414
230414009,20030414
230414017,20030414
230413022,20030413
230413015,20030413
230413016,20030413
230413029,20030413
230413014,20030413
230413020,20030413
230413021,20030413
230412019,20030412
230412027,20030412
230412005,20030412
230412006,20030412
230412007,20030412
230412010,20030412
230412017,20030412
230411011,20030411
230411016,20030411
230411026,20030411
230411028,20030411
230411029,20030411
230411001,20030411
230411003,20030411
230411004,20030411
230411021,20030411
230411023,20030411
230411024,20030411
230411014,20030411
230411018,20030411
230410013,20030410
230410002,20030410
230409015,20030409
230409019,20030409
230409021,20030409
230409025,20030409
230409026,20030409
230409027,20030409
230409001,20030409
230409003,20030409
230409008,20030409
230409024,20030409
230408005,20030408
230408007,20030408
230408020,20030408
230408023,20030408
230408029,20030408
230408004,20030408
230408009,20030408
230408010,20030408
230408013,20030408
230408014,20030408
230408018,20030408
230406002,20030406
230406028,20030406
230406009,20030406
230406020,20030406
230406011,20030406
230406008,20030406
230406022,20030406
230406025,20030406
230406013,20030406
230406010,20030406
230405021,20030405
230405001,20030405
230405004,20030405
230405005,20030405
230405006,20030405
230405012,20030405
230404020,20030404
230404026,20030404
230404028,20030404
230404029,20030404
230404009,20030404
230404015,20030404
230404017,20030404
230404025,20030404
230404002,20030404
230404008,20030404
230403001,20030403
230403022,20030403
230403006,20030403
230402002,20030402
230402005,20030402
230402015,20030402
230402016,20030402
230402020,20030402
230402029,20030402
230402003,20030402
230402008,20030402
230402027,20030402
230402007,20030402
230401011,20030401
230401021,20030401
230401022,20030401
230401028,20030401
230401004,20030401
230401006,20030401
230401012,20030401
230401024,20030401
230331019,20030331
230331013,20030331
230331014,20030331
230331017,20030331
230330016,20030330
230330028,20030330
230330015,20030330
230330011,20030330
230330003,20030330
230330008,20030330
230330012,20030330
230330025,20030330
230330007,20030330
230329001,20030329
230329004,20030329
230329005,20030329
230329010,20030329
230329017,20030329
230329024,20030329
230328011,20030328
230328020,20030328
230328025,20030328
230328026,20030328
230328028,20030328
230328002,20030328
230328013,20030328
230328022,20030328
230328008,20030328
230328014,20030328
230328018,20030328
230327019,20030327
230327023,20030327
230327024,20030327
230326002,20030326
230326007,20030326
230326011,20030326
230326025,20030326
230326026,20030326
230326028,20030326
230326029,20030326
230326004,20030326
230326008,20030326
230326012,20030326
230326017,20030326
230326003,20030326
230326010,20030326
230325005,20030325
230325016,20030325
230325022,20030325
230325024,20030325
230325001,20030325
230324007,20030324
230324019,20030324
230324021,20030324
230324026,20030324
230324012,20030324
230324018,20030324
230323024,20030323
230323028,20030323
230323008,20030323
230323009,20030323
230323014,20030323
230323023,20030323
230323005,20030323
230322001,20030322
230322022,20030322
230322026,20030322
230322004,20030322
230322006,20030322
230322015,20030322
230322017,20030322
230322007,20030322
230321011,20030321
230321019,20030321
230321020,20030321
230321024,20030321
230321025,20030321
230321003,20030321
230321009,20030321
230321013,20030321
230321014,20030321
230321018,20030321
230321021,20030321
230320023,20030320
230320006,20030320
230320008,20030320
230319011,20030319
230319019,20030319
230319021,20030319
230319022,20030319
230319028,20030319
230319029,20030319
230319003,20030319
230319009,20030319
230319012,20030319
230319017,20030319
230318002,20030318
230318016,20030318
230318023,20030318
230318025,20030318
230318026,20030318
230318027,20030318
230318004,20030318
230318006,20030318
230318014,20030318
230318024,20030318
230317011,20030317
230317021,20030317
230317012,20030317
230316023,20030316
230316005,20030316
230316017,20030316
230316016,20030316
230316029,20030316
230316012,20030316
230316024,20030316
230316007,20030316
230316018,20030316
230316010,20030316
230315019,20030315
230315025,20030315
230315027,20030315
230315008,20030315
230315015,20030315
230314011,20030314
230314016,20030314
230314020,20030314
230314023,20030314
230314001,20030314
230314009,20030314
230314010,20030314
230314024,20030314
230314008,20030314
230314014,20030314
230313025,20030313
230313017,20030313
230313021,20030313
230312002,20030312
230312016,20030312
230312019,20030312
230312020,20030312
230312022,20030312
230312029,20030312
230312001,20030312
230312008,20030312
230312010,20030312
230311005,20030311
230311007,20030311
230311011,20030311
230311015,20030311
230311025,20030311
230311027,20030311
230311004,20030311
230311009,20030311
230311018,20030311
230310001,20030310
230310006,20030310
230310014,20030310
230309013,20030309
230309018,20030309
230309002,20030309
230309003,20030309
230309008,20030309
230309019,20030309
230309021,20030309
230309023,20030309
230309028,20030309
230308001,20030308
230308022,20030308
230308004,20030308
230308005,20030308
230308006,20030308
230308010,20030308
230308015,20030308
230308014,20030308
230307019,20030307
230307026,20030307
230307027,20030307
230307003,20030307
230307013,20030307
230307025,20030307
230307002,20030307
230307014,20030307
230306024,20030306
230306022,20030306
230306004,20030306
230305023,20030305
230305002,20030305
230305005,20030305
230305019,20030305
230305021,20030305
230305026,20030305
230305027,20030305
230305028,20030305
230305029,20030305
230305013,20030305
230304025,20030304
230304027,20030304
230304001,20030304
230304006,20030304
230304008,20030304
230304009,20030304
230304014,20030304
230304018,20030304
230304024,20030304
230303023,20030303
230303029,20030303
230303004,20030303
230303012,20030303
230302005,20030302
230302017,20030302
230302028,20030302
230302015,20030302
230302016,20030302
230302010,20030302
230302014,20030302
230302022,20030302
230302007,20030302
230301024,20030301
230301021,20030301
230301027,20030301
230301006,20030301
230301009,20030301
230301012,20030301
230228007,20030228
230228011,20030228
230228016,20030228
230228020,20030228
230228025,20030228
230228029,20030228
230228004,20030228
230228022,20030228
230228002,20030228
230228018,20030228
230227013,20030227
230227027,20030227
230227006,20030227
230226002,20030226
230226007,20030226
230226015,20030226
230226020,20030226
230226025,20030226
230226003,20030226
230226012,20030226
230226017,20030226
230226004,20030226
230226016,20030226
230225005,20030225
230225011,20030225
230225019,20030225
230225022,20030225
230225023,20030225
230225013,20030225
230225018,20030225
230225024,20030225
230224002,20030224
230224007,20030224
230224015,20030224
230224025,20030224
230224029,20030224
230224004,20030224
230223027,20030223
230223016,20030223
230223017,20030223
230223009,20030223
230223020,20030223
230223023,20030223
230223013,20030223
230222022,20030222
230222026,20030222
230222008,20030222
230222010,20030222
230222012,20030222
230222024,20030222
230222014,20030222
230221010,20030221
230221016,20030221
230221019,20030221
230221027,20030221
230221028,20030221
230221003,20030221
230221005,20030221
230221009,20030221
230221013,20030221
230221025,20030221
230220023,20030220
230220006,20030220
230220017,20030220
230219007,20030219
230219021,20030219
230219022,20030219
230219025,20030219
230219026,20030219
230219028,20030219
230219003,20030219
230219012,20030219
230219004,20030219
230218005,20030218
230218019,20030218
230218023,20030218
230218029,20030218
230218006,20030218
230218009,20030218
230218013,20030218
230218017,20030218
230218024,20030218
230217022,20030217
230217026,20030217
230217008,20030217
230216023,20030216
230216017,20030216
230216028,20030216
230216015,20030216
230216016,20030216
230216001,20030216
230216003,20030216
230216021,20030216
230216013,20030216
230216005,20030216
230215022,20030215
230215004,20030215
230215006,20030215
230215012,20030215
230214011,20030214
230214016,20030214
230214021,20030214
230214023,20030214
230214026,20030214
230214028,20030214
230214029,20030214
230214010,20030214
230214013,20030214
230214015,20030214
230214017,20030214
230214020,20030214
230213022,20030213
230213008,20030213
230212005,20030212
230212007,20030212
230212020,20030212
230212026,20030212
230212028,20030212
230212029,20030212
230212003,20030212
230212012,20030212
230212018,20030212
230212015,20030212
230211011,20030211
230211016,20030211
230211019,20030211
230211021,20030211
230211022,20030211
230211023,20030211
230211025,20030211
230211001,20030211
230211004,20030211
230211010,20030211
230211013,20030211
230211014,20030211
230209031,20030209
230206015,20030206
230206018,20030206
230206007,20030206
230205002,20030205
230205005,20030205
230205026,20030205
230205003,20030205
230205008,20030205
230205009,20030205
230205014,20030205
230205020,20030205
230204007,20030204
230204011,20030204
230204015,20030204
230204016,20030204
230204019,20030204
230204027,20030204
230204006,20030204
230204018,20030204
230203021,20030203
230203026,20030203
230203003,20030203
230203009,20030203
230203014,20030203
230203017,20030203
230202005,20030202
230202028,20030202
230202001,20030202
230202016,20030202
230202010,20030202
230202007,20030202
230201011,20030201
230201021,20030201
230201025,20030201
230201027,20030201
230201006,20030201
230201008,20030201
230201013,20030201
230201015,20030201
230201014,20030201
230131020,20030131
230131022,20030131
230131026,20030131
230131028,20030131
230131029,20030131
230131001,20030131
230131002,20030131
230131010,20030131
230131012,20030131
230131017,20030131
230131023,20030131
230131019,20030131
230130006,20030130
230130015,20030130
230130025,20030130
230129011,20030129
230129019,20030129
230129020,20030129
230129021,20030129
230129026,20030129
230129003,20030129
230129012,20030129
230129014,20030129
230129017,20030129
230129010,20030129
230128015,20030128
230128022,20030128
230128023,20030128
230128025,20030128
230128008,20030128
230128018,20030128
230127005,20030127
230127007,20030127
230127016,20030127
230127027,20030127
230127029,20030127
230127003,20030127
230127014,20030127
230126004,20030126
230126028,20030126
230126002,20030126
230126006,20030126
230126011,20030126
230126018,20030126
230125014,20030125
230125027,20030125
230125029,20030125
230125005,20030125
230125009,20030125
230125015,20030125
230125024,20030125
230124004,20030124
230124011,20030124
230124016,20030124
230124019,20030124
230124026,20030124
230124001,20030124
230124002,20030124
230124003,20030124
230124010,20030124
230124013,20030124
230124018,20030124
230123009,20030123
230123029,20030123
230123020,20030123
230122002,20030122
230122011,20030122
230122016,20030122
230122019,20030122
230122026,20030122
230122001,20030122
230122008,20030122
230122013,20030122
230122014,20030122
230122018,20030122
230122024,20030122
230122003,20030122
230121005,20030121
230121023,20030121
230121006,20030121
230120001,20030120
230120009,20030120
230120018,20030120
230120027,20030120
230120003,20030120
230120008,20030120
230120016,20030120
230120024,20030120
230120029,20030120
230120013,20030120
230120026,20030120
230120020,20030120
230119028,20030119
230119025,20030119
230118001,20030118
230118011,20030118
230118022,20030118
230118026,20030118
230118027,20030118
230118012,20030118
230118015,20030118
230118014,20030118
230117007,20030117
230117020,20030117
230117021,20030117
230117025,20030117
230117002,20030117
230117003,20030117
230117009,20030117
230117017,20030117
230117024,20030117
230117008,20030117
230117010,20030117
230116027,20030116
230116026,20030116
230115023,20030115
230115002,20030115
230115007,20030115
230115011,20030115
230115020,20030115
230115022,20030115
230115028,20030115
230115003,20030115
230115009,20030115
230115010,20030115
230115012,20030115
230114015,20030114
230114027,20030114
230114014,20030114
230114018,20030114
230114024,20030114
230113016,20030113
230113019,20030113
230113022,20030113
230113004,20030113
230113009,20030113
230113010,20030113
230112012,20030112
230112028,20030112
230112021,20030112
230112023,20030112
230112024,20030112
230112025,20030112
230112013,20030112
230112020,20030112
230111001,20030111
230111011,20030111
230111008,20030111
230111010,20030111
230111018,20030111
230110006,20030110
230110007,20030110
230110016,20030110
230110019,20030110
230110020,20030110
230110021,20030110
230110026,20030110
230110027,20030110
230110028,20030110
230110001,20030110
230110003,20030110
230110013,20030110
230110015,20030110
230110025,20030110
230109022,20030109
230109017,20030109
230108007,20030108
230108011,20030108
230108016,20030108
230108019,20030108
230108020,20030108
230108025,20030108
230108026,20030108
230108027,20030108
230108001,20030108
230108012,20030108
230108003,20030108
230107015,20030107
230107022,20030107
230107010,20030107
230107013,20030107
230106002,20030106
230106005,20030106
230106019,20030106
230106020,20030106
230106029,20030106
230106001,20030106
230106004,20030106
230106006,20030106
230106008,20030106
230106009,20030106
230105012,20030105
230105028,20030105
230105023,20030105
230105013,20030105
230105018,20030105
230104006,20030104
230104001,20030104
230104007,20030104
230104016,20030104
230104019,20030104
230104021,20030104
230104027,20030104
230104004,20030104
230104010,20030104
230103028,20030103
230103029,20030103
230103003,20030103
230103015,20030103
230103024,20030103
230103025,20030103
230103002,20030103
230103014,20030103
230103018,20030103
230102004,20030102
230102006,20030102
230102021,20030102
230101001,20030101
230101018,20030101
221231002,20021231
221231004,20021231
221231012,20021231
221231003,20021231
221231027,20021231
221231010,20021231
221230007,20021230
221230016,20021230
221230019,20021230
221230026,20021230
221230006,20021230
221230008,20021230
221230009,20021230
221230014,20021230
221230017,20021230
221230018,20021230
221229013,20021229
221229005,20021229
221229010,20021229
221228007,20021228
221228011,20021228
221228019,20021228
221228023,20021228
221228026,20021228
221228027,20021228
221228004,20021228
221228006,20021228
221228008,20021228
221228012,20021228
221228015,20021228
221227021,20021227
221227029,20021227
221227001,20021227
221227004,20021227
221227005,20021227
221227009,20021227
221227010,20021227
221227022,20021227
221227014,20021227
221227017,20021227
221226025,20021226
221226003,20021226
221226027,20021226
221225019,20021225
221225013,20021225
221225017,20021225
221223005,20021223
221223011,20021223
221223019,20021223
221223021,20021223
221223006,20021223
221223010,20021223
221223017,20021223
221223024,20021223
221222029,20021222
221222028,20021222
221222023,20021222
221222018,20021222
221221001,20021221
221221016,20021221
221221021,20021221
221221022,20021221
221221004,20021221
221221005,20021221
221221012,20021221
221221015,20021221
221221024,20021221
221221017,20021221
221220007,20021220
221220011,20021220
221220025,20021220
221220028,20021220
221220029,20021220
221220002,20021220
221220006,20021220
221220009,20021220
221220010,20021220
221220012,20021220
221220008,20021220
221220020,20021220
221219023,20021219
221219017,20021219
221218002,20021218
221218005,20021218
221218007,20021218
221218020,20021218
221218025,20021218
221218026,20021218
221218027,20021218
221218004,20021218
221218009,20021218
221218012,20021218
221218010,20021218
221217015,20021217
221217016,20021217
221217022,20021217
221217023,20021217
221217001,20021217
221217006,20021217
221217018,20021217
221216005,20021216
221216020,20021216
221216021,20021216
221216029,20021216
221216004,20021216
221216012,20021216
221216014,20021216
221215028,20021215
221215011,20021215
221215008,20021215
221215023,20021215
221215013,20021215
221214001,20021214
221214016,20021214
221214026,20021214
221214004,20021214
221214005,20021214
221214006,20021214
221214008,20021214
221214010,20021214
221214018,20021214
221214014,20021214
221213011,20021213
221213019,20021213
221213020,20021213
221213028,20021213
221213029,20021213
221213002,20021213
221213013,20021213
221213015,20021213
221213024,20021213
221213014,20021213
221213017,20021213
221212004,20021212
221212016,20021212
221212026,20021212
221211002,20021211
221211005,20021211
221211015,20021211
221211017,20021211
221211020,20021211
221211029,20021211
221211008,20021211
221211024,20021211
221210027,20021210
221210004,20021210
221210006,20021210
221210009,20021210
221210010,20021210
221210014,20021210
221210018,20021210
221209002,20021209
221209005,20021209
221209007,20021209
221209003,20021209
221209017,20021209
221208029,20021208
221208028,20021208
221208024,20021208
221208013,20021208
221207012,20021207
221207001,20021207
221207007,20021207
221207025,20021207
221207004,20021207
221207009,20021207
221207010,20021207
221207015,20021207
221207017,20021207
221207027,20021207
221206019,20021206
221206021,20021206
221206022,20021206
221206023,20021206
221206026,20021206
221206003,20021206
221206013,20021206
221206024,20021206
221206002,20021206
221206028,20021206
221205009,20021205
221205001,20021205
221204005,20021204
221204007,20021204
221204020,20021204
221204021,20021204
221204022,20021204
221204025,20021204
221204026,20021204
221204003,20021204
221204008,20021204
221204012,20021204
221204018,20021204
221203023,20021203
221203027,20021203
221203004,20021203
221203009,20021203
221203010,20021203
221203013,20021203
221203017,20021203
221202019,20021202
221202021,20021202
221202026,20021202
221202006,20021202
221202018,20021202
221201012,20021201
221201029,20021201
221201002,20021201
221201023,20021201
221201025,20021201
221201013,20021201
221130018,20021130
221130019,20021130
221130022,20021130
221130027,20021130
221130006,20021130
221130009,20021130
221130024,20021130
221130014,20021130
221130015,20021130
221129007,20021129
221129021,20021129
221129023,20021129
221129026,20021129
221129029,20021129
221129001,20021129
221129005,20021129
221129025,20021129
221129002,20021129
221129008,20021129
221129011,20021129
221128012,20021128
221128011,20021128
221127002,20021127
221127015,20021127
221127016,20021127
221127019,20021127
221127020,20021127
221127021,20021127
221127028,20021127
221127029,20021127
221127003,20021127
221127008,20021127
221127009,20021127
221127024,20021127
221126005,20021126
221126007,20021126
221126022,20021126
221126027,20021126
221126001,20021126
221126012,20021126
221126014,20021126
221125020,20021125
221125021,20021125
221124012,20021124
221124028,20021124
221124019,20021124
221124024,20021124
221124013,20021124
221124018,20021124
221123001,20021123
221123011,20021123
221123016,20021123
221123021,20021123
221123022,20021123
221123026,20021123
221123029,20021123
221123005,20021123
221123006,20021123
221122011,20021122
221122023,20021122
221122002,20021122
221122003,20021122
221122009,20021122
221122010,20021122
221122013,20021122
221122017,20021122
221122024,20021122
221122014,20021122
221122020,20021122
221122007,20021122
221121006,20021121
221121025,20021121
221120002,20021120
221120007,20021120
221120022,20021120
221120028,20021120
221120001,20021120
221120008,20021120
221120009,20021120
221120012,20021120
221120024,20021120
221120029,20021120
221119015,20021119
221119016,20021119
221119023,20021119
221119025,20021119
221119026,20021119
221119003,20021119
221119006,20021119
221119010,20021119
221118001,20021118
221118009,20021118
221118017,20021118
221118018,20021118
221118024,20021118
221117012,20021117
221117028,20021117
221117023,20021117
221117013,20021117
221117020,20021117
221116018,20021116
221116001,20021116
221116016,20021116
221116027,20021116
221116004,20021116
221116005,20021116
221116008,20021116
221116009,20021116
221116015,20021116
221116017,20021116
221115011,20021115
221115022,20021115
221115025,20021115
221115028,20021115
221115029,20021115
221115003,20021115
221115013,20021115
221115002,20021115
221115008,20021115
221115014,20021115
221115021,20021115
221114012,20021114
221114020,20021114
221114027,20021114
221113009,20021113
221113002,20021113
221113005,20021113
221113007,20021113
221113015,20021113
221113017,20021113
221113003,20021113
221112011,20021112
221112019,20021112
221112027,20021112
221112008,20021112
221112010,20021112
221112013,20021112
221112014,20021112
221112018,20021112
221111002,20021111
221111029,20021111
221111006,20021111
221111024,20021111
221110018,20021110
221110019,20021110
221110023,20021110
221109007,20021109
221109011,20021109
221109016,20021109
221109004,20021109
221109005,20021109
221109006,20021109
221109010,20021109
221109015,20021109
221109024,20021109
221109014,20021109
221108011,20021108
221108019,20021108
221108020,20021108
221108021,20021108
221108026,20021108
221108003,20021108
221108004,20021108
221108017,20021108
221108023,20021108
221108027,20021108
221107016,20021107
221107002,20021107
221107007,20021107
221106018,20021106
221106020,20021106
221106021,20021106
221106022,20021106
221106026,20021106
221106027,20021106
221106028,20021106
221106003,20021106
221106004,20021106
221106015,20021106
221105005,20021105
221105007,20021105
221105016,20021105
221105019,20021105
221105010,20021105
221105014,20021105
221105024,20021105
221104021,20021104
221104028,20021104
221104029,20021104
221104006,20021104
221104017,20021104
221104018,20021104
221103012,20021103
221103014,20021103
221103025,20021103
221103013,20021103
221102001,20021102
221102011,20021102
221102022,20021102
221102026,20021102
221102027,20021102
221102029,20021102
221102003,20021102
221102006,20021102
221102010,20021102
221102015,20021102
221102018,20021102
221101007,20021101
221101016,20021101
221101021,20021101
221101004,20021101
221101009,20021101
221101012,20021101
221101017,20021101
221101024,20021101
221101008,20021101
221101020,20021101
221031023,20021031
221031001,20021031
221031027,20021031
221030022,20021030
221030002,20021030
221030011,20021030
221030016,20021030
221030020,20021030
221030025,20021030
221030028,20021030
221030029,20021030
221030003,20021030
221030009,20021030
221030012,20021030
221030014,20021030
221030017,20021030
221030008,20021030
221029023,20021029
221029013,20021029
221029019,20021029
221025015,20021025
221025016,20021025
221025021,20021025
221025001,20021025
221025013,20021025
221025017,20021025
221025024,20021025
221025002,20021025
221024023,20021024
221024007,20021024
221024026,20021024
221024010,20021024
221024013,20021024
221024019,20021024
221023002,20021023
221023007,20021023
221023021,20021023
221023008,20021023
221023012,20021023
221023024,20021023
221022003,20021022
221022019,20021022
221022020,20021022
221022023,20021022
221022025,20021022
221022013,20021022
221022014,20021022
221022018,20021022
221022028,20021022
221021007,20021021
221021004,20021021
221020008,20021020
221020025,20021020
221020028,20021020
221020010,20021020
221019016,20021019
221019025,20021019
221019029,20021019
221019001,20021019
221019006,20021019
221019008,20021019
221019013,20021019
221019020,20021019
221019024,20021019
221018011,20021018
221018028,20021018
221018029,20021018
221018004,20021018
221018005,20021018
221018010,20021018
221018024,20021018
221017003,20021017
221017021,20021017
221017001,20021017
221017002,20021017
221017006,20021017
221017013,20021017
221016011,20021016
221016015,20021016
221016022,20021016
221016023,20021016
221015016,20021015
221015019,20021015
221015026,20021015
221015005,20021015
221015008,20021015
221015010,20021015
221015017,20021015
221015027,20021015
221014020,20021014
221014022,20021014
221014025,20021014
221014004,20021014
221013012,20021013
221013028,20021013
221012011,20021012
221012023,20021012
221012014,20021012
221012018,20021012
221011004,20021011
221011009,20021011
221011012,20021011
221011013,20021011
221011015,20021011
221011017,20021011
221010011,20021010
221010019,20021010
221010022,20021010
221010027,20021010
221010002,20021010
221010006,20021010
221010008,20021010
221010018,20021010
221010023,20021010
221009011,20021009
221009029,20021009
221009017,20021009
221008016,20021008
221008020,20021008
221008022,20021008
221008025,20021008
221008028,20021008
221008029,20021008
221008001,20021008
221008006,20021008
221008013,20021008
221008018,20021008
221006025,20021006
