20200313
20200308
20200307
20200306
20200229
20200228
20200223
20200222
20200221
20200216
20200215
20200214
20200209
20200208
20200207
20200202
20200201
20200131
20200126
20200125
20200124
20200119
20200118
20200117
20200112
20200111
20200110
20200105
20200104
20200103
20200101
20191231
20191229
20191228
20191227
20191222
20191221
20191220
20191215
20191214
20191213
20191208
20191207
20191206
20191201
20191130
20191129
20191124
20191123
20191122
20191117
20191116
20191110
20191109
20191108
20191103
20191102
20191101
20191027
20191026
20191025
20191020
20191019
20191018
20191013
20191012
20191011
20200301
20200315
20200314
20200321
20200320
20200318
