20200313
20200310
20200307
20200303
20200229
20200225
20200222
20200218
20200215
20200211
20200208
20200204
20200201
20200128
20200125
20200118
20200111
20200107
20200104
20200101
20191228
20191226
20191221
20191210
20191207
20191203
20191130
20191126
20191123
20191116
20191109
20191105
20191102
20191029
20191026
20191015
20191012
20191009
20191008
20191005
20191001
20190928
20190924
20190921
20190917
20190914
20190907
20190904
20190903
20190831
20190826
20190824
20190818
20190817
20190813
20190810
20190806
20190803
