20200308
20200307
20200301
20200229
20200228
20200224
20200223
20200222
20200219
20200217
20200216
20200215
20200214
20200209
20200208
20200202
20200201
20200129
20200123
20200122
20200121
20200119
20200118
20200112
20200111
20200110
20200102
20200101
20191229
20191228
20191227
20191226
20191222
20191221
20191216
20191215
20191214
20191209
20191208
20191207
20191205
20191204
20191203
20191201
20191130
20191125
20191124
20191123
20191110
20191109
20191108
20191103
20191102
20191027
20191026
20191025
20191021
20191020
20191019
20191006
20191005
20190930
20190929
20190928
20190922
20190921
20190920
20190916
20190915
20190914
20190901
20190831
20190825
20190824
20190823
20190819
20190818
20190817
20190811
20190810
20190809
