20200308
20200306
20200302
20200229
20200228
20200223
20200217
20200215
20200214
20200210
20200207
20200203
20200202
20200201
20200131
20200130
20200129
20200128
20191222
20191220
20191216
20191213
20191209
20191207
20191206
20191201
20191129
20191125
20191124
20191123
20200301
20200222
20200221
20200216
20200209
20200208
20191221
20191215
20191214
20191208
20191122
20191108
20191104
20191103
20191101
20191028
20191027
20191026
20191025
20191021
20191020
20191019
20191018
20191007
20191006
20191005
20191004
20190930
20190929
20190927
20190921
20190920
20190916
20190915
20190902
20190901
20200307
20191130
20191111
20191110
20191102
20190928
20190922
20190914
20190913
20190831
20190830
20190826
20190825
20190824
20190823
20190816
20190805
20190804
20190802
20190729
20190728
20190727
20191109
20190819
20190818
20190817
20190803
20190726
20200309
20200516
20200517
20200526
20200524
20200523
20200522
