20200313
20200311
20200309
20200308
20200307
20200306
20200302
20200301
20200229
20200228
20200224
20200223
20200222
20200221
20200217
20200216
20200215
20200214
20200209
20200208
20200207
20200203
20200202
20200201
20200131
20200127
20200126
20200125
20200124
20200120
20200119
20200118
20200117
20191229
20191228
20191227
20191223
20191222
20191221
20191220
20191215
20191214
20191213
20191209
20191208
20191207
20191206
20191202
20191201
20191130
20191129
20191125
20191124
20191123
20191122
20191110
20191109
20191108
20191104
20191103
20191102
20191101
20191028
20191027
20191026
20191025
20191021
20191020
20191019
20191018
20191006
20191005
20190930
20190927
20190923
20190922
20190921
20190920
20190916
20190915
20190914
20190901
20190831
20190830
20190826
20190825
20190824
20191216
20191004
20190929
20190913
20190823
20190819
20190818
20190817
20190816
20200314
20200315
20200316
