401071297,1,id,3908845,J. Collins,PF,ATL,34,10,17,1,1,4,6,6,3,9,2,1,0,1,3,+8,25
401071297,1,id,3062667,D. Bembry,SF,ATL,41,6,11,0,1,2,4,2,4,6,5,1,0,1,3,+14,14
401071297,1,id,2580913,D. Dedmon,C,ATL,33,7,11,3,5,2,2,1,7,8,7,1,0,1,3,+10,19
401071297,1,id,4277905,T. Young,PG,ATL,32,5,12,3,8,5,5,1,3,4,5,2,0,4,0,-1,18
401071297,1,id,4066372,K. Huerter,SG,ATL,39,11,17,5,8,2,2,2,1,3,3,2,0,2,4,+15,29
401071297,0,id,4065836,O. Spellman,PF,ATL,3,0,0,0,0,0,0,0,1,1,0,0,1,2,1,-6,0
401071297,0,id,136,V. Carter,SF,ATL,13,0,2,0,1,0,0,1,3,4,1,0,0,1,3,-7,0
401071297,0,id,2596107,A. Len,C,ATL,13,4,6,0,1,1,3,1,5,6,0,0,2,4,2,-1,9
401071297,0,id,4299,J. Lin,PG,ATL,21,2,4,0,0,5,5,0,0,0,3,0,0,3,2,-11,9
401071297,0,id,3147351,D. Hamilton,SG,ATL,0,0,0,0,0,0,0,0,0,0,0,0,0,0,0,+0,0
401071297,0,id,2982340,J. Anderson,SG,ATL,11,0,1,0,0,0,0,1,2,3,1,0,1,2,3,-11,0
401071297,0,id,3915560,T. Dorsey,SG,ATL,DNP-COACH'S DECISION
401071297,1,id,2490089,M. Muscala,PF,PHI,27,6,10,4,8,0,0,0,3,3,1,2,1,3,4,+1,16
401071297,1,id,3194,W. Chandler,SF,PHI,26,1,8,1,4,2,2,1,3,4,1,2,1,0,2,-14,5
401071297,1,id,3907387,B. Simmons,PG,PHI,43,10,13,0,0,3,7,3,7,10,15,2,1,3,3,-12,23
401071297,1,id,3024,J. Redick,SG,PHI,35,7,21,4,14,2,2,1,0,1,2,1,0,1,0,-9,20
401071297,1,id,6430,J. Butler,SG,PHI,40,9,19,0,1,12,14,2,2,4,5,3,0,4,3,+1,30
401071297,0,id,3155533,J. Bolden,PF,PHI,15,2,3,1,2,0,0,3,1,4,1,0,1,2,3,+3,5
401071297,0,id,3914044,L. Shamet,PG,PHI,16,3,4,0,1,0,1,0,1,1,0,1,0,0,3,+7,6
401071297,0,id,2530530,T.J. McConnell,PG,PHI,34,7,8,1,2,1,1,1,2,3,6,2,0,1,4,+14,16
401071297,0,id,3929325,F. Korkmaz,SG,PHI,4,0,1,0,1,0,0,0,0,0,0,0,0,1,1,-1,0
401071297,0,id,3059318,J. Embiid,C,PHI,DNP-SORE RIGHT ANKLE
401071297,0,id,2769,A. Johnson,C,PHI,DNP-MIGRAINE
401071297,0,id,3915195,S. Milton,SG,PHI,DNP-COACH'S DECISION
401071298,1,id,2767,E. Ilyasova,PF,MIL,26,6,8,0,0,0,0,2,3,5,2,2,0,0,3,+9,12
401071298,1,id,6609,K. Middleton,SF,MIL,37,8,17,3,9,6,7,0,8,8,3,1,0,3,2,+2,25
401071298,1,id,3448,B. Lopez,C,MIL,31,5,9,3,6,0,0,1,2,3,3,0,5,1,2,+0,13
401071298,1,id,4238,E. Bledsoe,PG,MIL,28,7,21,2,9,2,4,3,5,8,9,3,0,1,0,+5,18
401071298,1,id,2566769,M. Brogdon,PG,MIL,31,5,9,1,2,4,4,1,5,6,8,0,1,4,1,+11,15
401071298,0,id,3136491,D.J. Wilson,PF,MIL,20,2,5,1,4,0,0,0,3,3,0,2,0,1,4,-10,5
401071298,0,id,4017843,T. Maker,PF,MIL,5,1,1,0,0,0,0,0,0,0,0,0,0,0,0,-13,2
401071298,0,id,3438,G. Hill,PG,MIL,15,0,4,0,1,0,0,0,1,1,0,0,0,2,2,-20,0
401071298,0,id,3057187,S. Brown,SG,MIL,27,4,7,1,3,1,2,3,4,7,1,0,0,2,1,-13,10
401071298,0,id,2528353,T. Snell,SG,MIL,21,2,8,2,6,0,0,0,2,2,0,0,0,1,2,-6,6
401071298,0,id,3232,J. Smith,PF,MIL,DNP-COACH'S DECISION
401071298,0,id,3058254,C. Wood,PF,MIL,DNP-COACH'S DECISION
401071298,0,id,2578239,P. Connaughton,SG,MIL,DNP-COACH'S DECISION
401071298,1,id,3209,J. Green,SF,WSH,39,7,17,4,7,2,3,0,5,5,3,0,0,3,2,+1,20
401071298,1,id,2426,T. Ariza,SF,WSH,40,7,14,6,12,0,0,0,3,3,3,2,0,1,4,+5,20
401071298,1,id,3934723,T. Bryant,C,WSH,24,4,7,1,1,2,2,0,5,5,0,0,1,0,1,+5,11
401071298,1,id,6580,B. Beal,SG,WSH,39,11,21,3,4,7,7,2,3,5,7,3,1,2,3,+7,32
401071298,1,id,6621,T. Satoransky,SG,WSH,35,7,10,2,3,2,2,3,9,12,10,2,0,6,3,+8,18
401071298,0,id,2594922,O. Porter Jr.,SF,WSH,30,2,7,2,4,2,4,1,8,9,3,2,0,4,2,+10,8
401071298,0,id,2991184,S. Dekker,SF,WSH,13,0,1,0,1,0,2,0,2,2,0,0,1,0,0,+5,0
401071298,0,id,2774,I. Mahinmi,C,WSH,5,1,1,0,0,0,0,0,1,1,0,0,0,0,1,-5,2
401071298,0,id,2580898,C. Randle,PG,WSH,13,1,4,0,1,0,0,0,1,1,2,1,0,0,1,-1,2
401071298,0,id,4278508,T. Brown Jr.,SF,WSH,DNP-COACH'S DECISION
401071298,0,id,3137798,D. Robinson,SF,WSH,DNP-COACH'S DECISION
401071298,0,id,2531797,J. McRae,SG,WSH,DNP-COACH'S DECISION
401071299,1,id,3244,T. Young,PF,IND,30,6,14,1,2,0,0,3,3,6,3,4,0,0,1,+14,13
401071299,1,id,3155942,D. Sabonis,PF,IND,32,9,14,0,0,4,4,4,11,15,3,0,0,0,2,+14,22
401071299,1,id,3593,B. Bogdanovic,SF,IND,26,5,12,3,5,2,2,0,2,2,1,1,0,1,2,+12,15
401071299,1,id,3973,D. Collison,PG,IND,27,3,7,0,3,1,1,1,4,5,10,1,1,1,0,+13,7
401071299,1,id,2527963,V. Oladipo,SG,IND,28,8,13,3,5,0,0,1,3,4,6,1,0,5,0,+17,19
401071299,0,id,4066425,T.J. Leaf,PF,IND,17,3,4,0,1,0,0,2,2,4,2,0,0,1,4,+4,6
401071299,0,id,4067045,A. Johnson,PF,IND,2,0,1,0,0,0,0,0,0,0,0,0,0,0,0,-3,0
401071299,0,id,2528588,D. McDermott,SF,IND,19,4,7,2,3,2,2,0,0,0,0,0,0,1,0,-2,12
401071299,0,id,6615,K. O'Quinn,C,IND,14,3,4,0,0,0,0,0,4,4,1,0,0,2,4,+4,6
401071299,0,id,3136485,E. Sumner,PG,IND,2,0,0,0,0,0,0,0,0,0,0,0,0,0,0,-3,0
401071299,0,id,3922230,A. Holiday,PG,IND,2,1,2,1,2,0,0,0,0,0,0,0,0,0,0,-3,3
401071299,0,id,6446,C. Joseph,PG,IND,21,3,4,0,0,0,0,0,1,1,3,0,0,1,2,+3,6
401071299,0,id,3983,T. Evans,SG,IND,20,4,12,2,5,2,2,0,6,6,1,1,0,2,0,+5,12
401071299,1,id,3064560,L. Kornet,PF,NY,21,1,7,1,6,0,0,0,3,3,3,0,1,2,2,-24,3
401071299,1,id,3078284,N. Vonleh,PF,NY,19,5,6,2,3,0,0,1,2,3,0,2,1,4,5,-13,12
401071299,1,id,4278075,K. Knox,SF,NY,28,5,10,2,5,2,2,0,2,2,2,0,0,3,0,-11,14
401071299,1,id,3892818,E. Mudiay,PG,NY,28,8,18,3,7,2,2,1,1,2,3,0,1,4,1,-18,21
401071299,1,id,2528210,T. Hardaway Jr.,G,NY,29,4,11,2,6,2,3,1,5,6,2,1,0,0,2,-10,12
401071299,0,id,6485,L. Thomas,SF,NY,15,1,3,0,1,0,0,2,5,7,1,0,0,0,1,+9,2
401071299,0,id,2995706,M. Hezonja,SF,NY,30,4,12,1,4,1,2,2,4,6,2,5,1,1,3,-3,10
401071299,0,id,2579260,T. Burke,PG,NY,26,5,12,0,2,2,2,0,1,1,3,0,0,0,1,+2,12
401071299,0,id,3907525,A. Trier,SG,NY,16,2,2,0,0,1,1,0,1,1,2,0,1,1,2,-3,5
401071299,0,id,2991149,D. Dotson,SG,NY,28,4,7,3,5,4,4,1,5,6,4,0,0,1,1,-4,15
401071299,0,id,3445,C. Lee,SG,NY,DNP-COACH'S DECISION
401071300,1,id,2528794,J. Harris,SF,BKN,21,2,7,1,3,2,2,0,3,3,1,0,0,2,3,-10,7
401071300,1,id,4230548,R. Kurucs,SF,BKN,22,1,3,0,1,2,2,1,2,3,0,0,0,3,0,-18,4
401071300,1,id,4066328,J. Allen,C,BKN,22,4,7,0,0,1,2,3,9,12,0,1,2,0,1,-9,9
401071300,1,id,3136776,D. Russell,PG,BKN,27,10,19,2,5,2,2,1,5,6,9,1,0,2,1,+4,24
401071300,1,id,2595231,T. Graham,SG,BKN,29,2,7,1,6,0,0,0,2,2,0,1,0,0,4,-5,5
401071300,0,id,4259,E. Davis,PF,BKN,17,2,2,0,0,2,4,0,5,5,0,0,1,2,5,-16,6
401071300,0,id,6433,K. Faried,PF,BKN,12,1,4,0,0,0,0,1,4,5,0,0,1,0,0,+7,2
401071300,0,id,2579326,A. Williams,PF,BKN,9,3,4,0,0,2,4,2,6,8,2,0,0,1,0,+8,8
401071300,0,id,3970,D. Carroll,SF,BKN,21,2,9,2,5,2,4,1,3,4,0,0,0,3,1,-19,8
401071300,0,id,2530780,S. Napier,PG,BKN,26,6,14,3,6,0,2,0,2,2,5,0,0,2,3,-9,15
401071300,0,id,2580782,S. Dinwiddie,PG,BKN,21,1,7,1,1,5,6,0,3,3,2,1,0,1,2,-24,8
401071300,0,id,3138154,T. Pinson,SG,BKN,13,3,5,1,3,2,2,0,1,1,1,0,0,1,1,+6,9
401071300,1,id,3439,S. Ibaka,PF,TOR,25,7,15,0,3,0,0,1,8,9,1,0,1,3,1,+13,14
401071300,1,id,3149673,P. Siakam,PF,TOR,26,6,13,0,2,4,7,2,4,6,2,1,0,1,3,+20,16
401071300,1,id,6450,K. Leonard,SF,TOR,27,9,18,2,5,0,1,4,7,11,4,1,0,2,1,+24,20
401071300,1,id,3012,K. Lowry,PG,TOR,23,1,3,1,3,1,2,0,2,2,8,1,0,0,4,+1,4
401071300,1,id,3988,D. Green,SG,TOR,25,2,4,2,3,2,2,0,2,2,4,3,2,0,2,+13,8
401071300,0,id,3948153,C. Boucher,PF,TOR,5,1,4,0,1,0,0,2,0,2,0,0,0,0,1,-18,2
401071300,0,id,3934719,O. Anunoby,SF,TOR,22,5,6,2,3,1,4,0,3,3,1,0,0,0,0,+4,13
401071300,0,id,2778,C. Miles,SF,TOR,7,0,3,0,2,0,0,0,3,3,0,0,0,0,0,-7,0
401071300,0,id,2595516,N. Powell,SF,TOR,21,5,11,0,3,3,3,1,1,2,2,0,0,1,5,-9,13
401071300,0,id,4260,G. Monroe,C,TOR,15,4,8,0,1,2,2,2,6,8,2,0,1,1,1,+16,10
401071300,0,id,2991230,F. VanVleet,PG,TOR,19,3,8,3,5,1,2,0,2,2,6,1,0,1,2,+17,10
401071300,0,id,3064447,D. Wright,PG,TOR,23,5,11,1,3,1,1,1,4,5,2,3,0,0,2,+16,12
401071300,0,id,3934663,M. Richardson,SG,TOR,2,0,1,0,1,0,0,0,0,0,0,0,0,0,0,-5,0
401071301,1,id,3893016,C. Osman,SF,CLE,28,6,10,0,3,3,3,0,3,3,1,1,0,2,3,-27,15
401071301,1,id,6474,T. Thompson,C,CLE,24,3,8,0,0,0,0,2,3,5,2,2,0,1,3,-21,6
401071301,1,id,4277811,C. Sexton,PG,CLE,28,4,10,1,2,5,5,0,3,3,5,2,0,3,2,-10,14
401071301,1,id,6429,A. Burks,SG,CLE,27,5,10,1,4,2,2,1,6,7,4,1,2,0,4,-22,13
401071301,1,id,2581177,R. Hood,SG,CLE,18,2,7,0,2,2,2,0,2,2,2,0,0,1,2,-10,6
401071301,0,id,2982240,J. Blossomgame,SF,CLE,5,1,1,0,0,0,0,0,1,1,0,0,0,0,0,+14,2
401071301,0,id,2579476,J. Jones,SF,CLE,20,3,6,3,5,3,4,0,2,2,1,0,1,0,3,-1,12
401071301,0,id,4017838,A. Zizic,C,CLE,24,6,8,0,0,6,6,3,5,8,0,2,0,0,1,-7,18
401071301,0,id,3064230,C. Payne,PG,CLE,21,3,9,1,6,2,2,0,4,4,5,3,1,3,3,-6,9
401071301,0,id,2489716,M. Dellavedova,PG,CLE,20,2,5,1,3,1,2,0,1,1,3,0,0,3,1,-18,6
401071301,0,id,2528426,J. Clarkson,PG,CLE,25,5,15,2,8,0,0,0,3,3,1,1,0,0,2,-32,12
401071301,0,id,2754,C. Frye,PF,CLE,DNP-COACH'S DECISION
401071301,1,id,3033,P. Tucker,SF,HOU,26,4,6,2,4,0,0,0,2,2,1,0,0,0,1,+17,10
401071301,1,id,2991155,D. House Jr.,SF,HOU,30,4,9,3,7,3,3,0,5,5,2,1,2,2,2,+9,14
401071301,1,id,3102529,C. Capela,C,HOU,30,7,8,0,0,5,7,2,2,4,2,1,2,1,0,+28,19
401071301,1,id,3992,J. Harden,PG,HOU,30,12,24,8,16,11,11,0,10,10,12,2,2,4,2,+28,43
401071301,1,id,6617,A. Rivers,PG,HOU,24,5,9,2,6,0,0,0,2,2,3,0,0,1,4,+27,12
401071301,0,id,3132042,G. Clark,PF,HOU,20,3,6,2,4,0,0,1,3,4,1,0,0,0,1,-1,8
401071301,0,id,3907487,M. Chriss,PF,HOU,12,2,6,0,2,0,0,3,3,6,2,1,1,2,4,-4,4
401071301,0,id,2579321,J. Ennis III,SF,HOU,20,2,4,1,3,2,3,2,2,4,1,2,1,1,0,+6,7
401071301,0,id,1713,N. Hilario,C,HOU,6,2,2,0,0,0,0,0,2,2,0,0,0,0,1,+4,4
401071301,0,id,6448,B. Knight,PG,HOU,18,2,8,0,5,8,8,0,4,4,4,0,0,3,3,+0,12
401071301,0,id,2761,G. Green,SG,HOU,24,3,7,2,5,0,0,0,2,2,0,1,1,1,0,+26,8
401071302,1,id,2960236,M. Kleber,PF,DAL,30,3,4,3,4,4,4,0,3,3,0,0,2,0,3,-11,13
401071302,1,id,6578,H. Barnes,SF,DAL,33,7,19,4,7,5,5,1,1,2,0,0,0,1,2,-7,23
401071302,1,id,3945274,L. Doncic,SF,DAL,35,10,23,2,9,7,10,2,6,8,12,2,0,1,2,+5,29
401071302,1,id,3442,D. Jordan,C,DAL,30,4,7,0,0,0,3,5,10,15,0,2,0,3,0,-13,8
401071302,1,id,4032,W. Matthews,SG,DAL,23,2,10,0,4,0,0,0,0,0,4,0,0,1,1,-8,4
401071302,0,id,609,D. Nowitzki,PF,DAL,13,0,4,0,4,0,0,0,4,4,0,1,1,0,2,+8,0
401071302,0,id,2531367,D. Powell,PF,DAL,18,7,8,0,1,1,1,2,1,3,0,0,2,1,1,+15,15
401071302,0,id,2578185,D. Finney-Smith,SF,DAL,20,1,4,0,2,0,0,0,4,4,0,1,2,0,2,+20,2
401071302,0,id,3934672,J. Brunson,PG,DAL,16,3,4,3,3,0,0,0,0,0,2,1,0,0,2,-4,9
401071302,0,id,3055,J.J. Barea,PG,DAL,22,7,14,1,4,1,1,1,3,4,7,0,0,0,1,+15,16
401071302,0,id,2968458,S. Mejri,C,DAL,DNP-COACH'S DECISION
401071302,0,id,2382,D. Harris,PG,DAL,DNP-COACH'S DECISION
401071302,0,id,2489693,R. Broekhoff,SG,DAL,DNP-PERSONAL
401071302,1,id,3986,T. Gibson,PF,MIN,30,5,12,0,1,0,0,5,10,15,1,1,0,0,1,+11,10
401071302,1,id,3059319,A. Wiggins,SF,MIN,39,7,17,1,2,2,2,2,4,6,3,1,2,2,3,-2,17
401071302,1,id,3136195,K. Towns,C,MIN,30,12,21,1,3,5,5,3,8,11,2,0,4,0,5,+14,30
401071302,1,id,4015,J. Teague,PG,MIN,31,6,14,0,3,0,0,1,2,3,6,2,2,4,1,+10,12
401071302,1,id,4065663,J. Okogie,SG,MIN,23,5,8,4,6,1,2,1,1,2,1,1,0,2,3,+3,15
401071302,0,id,3032978,D. Saric,PF,MIN,19,0,5,0,3,0,0,2,2,4,1,0,0,1,3,-18,0
401071302,0,id,3276,A. Tolliver,PF,MIN,5,0,0,0,0,0,0,0,0,0,0,0,0,0,0,-9,0
401071302,0,id,2534781,G. Dieng,C,MIN,17,3,6,1,1,0,0,2,5,7,1,0,1,1,3,-15,7
401071302,0,id,3135046,T. Jones,PG,MIN,19,1,3,0,0,1,2,1,1,2,7,0,0,1,1,-15,3
401071302,0,id,3456,D. Rose,PG,MIN,28,8,16,3,5,2,2,0,3,3,5,0,1,2,0,+1,21
401071302,0,id,3136779,K. Bates-Diop,SF,MIN,DNP-COACH'S DECISION
401071302,0,id,2429,L. Deng,SF,MIN,DNP-COACH'S DECISION
401071302,0,id,3417,J. Bayless,PG,MIN,DNP-COACH'S DECISION
401071303,1,id,3134907,K. Kuzma,PF,LAL,36,4,18,0,5,3,4,2,6,8,1,1,0,1,0,-16,11
401071303,1,id,3913176,B. Ingram,SF,LAL,35,6,11,1,1,2,6,0,5,5,0,0,1,3,0,-19,15
401071303,1,id,3452,J. McGee,C,LAL,16,2,8,0,1,0,0,2,6,8,1,0,2,1,2,-16,4
401071303,1,id,4066421,L. Ball,PG,LAL,31,3,13,1,5,0,0,3,4,7,6,2,0,1,5,-1,7
401071303,1,id,3062679,J. Hart,SG,LAL,30,2,6,1,4,1,2,1,4,5,1,0,0,2,6,-22,6
401071303,0,id,3418,M. Beasley,SF,LAL,18,6,15,0,3,5,6,1,2,3,1,2,1,1,3,-5,17
401071303,0,id,4017837,I. Zubac,C,LAL,14,4,10,0,0,2,2,2,3,5,1,0,1,0,3,+0,10
401071303,0,id,3150844,M. Wagner,C,LAL,8,2,4,0,1,2,2,1,2,3,0,1,0,0,0,+1,6
401071303,0,id,984,T. Chandler,C,LAL,5,1,1,0,0,0,0,1,2,3,1,0,0,0,1,+1,2
401071303,0,id,3133602,S. Mykhailiuk,SG,LAL,7,0,1,0,1,0,0,0,0,0,1,0,0,1,0,+4,0
401071303,0,id,4244,L. Stephenson,SG,LAL,14,2,3,1,2,0,0,0,3,3,1,2,0,0,1,-13,5
401071303,0,id,2581018,K. Caldwell-Pope,SG,LAL,27,5,13,1,4,1,2,3,2,5,0,1,0,2,2,-4,12
401071303,1,id,4257,D. Favors,PF,UTAH,26,4,10,0,2,7,9,4,9,13,1,0,1,0,1,+11,15
401071303,1,id,2583632,R. O'Neale,SF,UTAH,40,5,13,5,12,2,2,0,7,7,1,2,0,2,4,+10,17
401071303,1,id,2968436,J. Ingles,SF,UTAH,31,5,11,2,5,2,2,1,11,12,4,1,0,3,1,+24,14
401071303,1,id,3032976,R. Gobert,C,UTAH,32,4,10,0,0,4,8,7,11,18,2,2,2,2,4,+18,12
401071303,1,id,3908809,D. Mitchell,SG,UTAH,33,14,24,4,5,1,2,0,4,4,9,1,2,3,3,+18,33
401071303,0,id,2982349,T. Cavanaugh,PF,UTAH,3,0,1,0,1,0,0,1,0,1,0,0,0,0,0,-4,0
401071303,0,id,6581,J. Crowder,PF,UTAH,29,2,11,1,5,3,6,1,7,8,2,1,2,2,2,+14,8
401071303,0,id,2990969,G. Niang,SF,UTAH,21,1,8,1,6,0,0,0,0,0,2,2,1,1,3,+13,3
401071303,0,id,4261,E. Udoh,C,UTAH,3,0,0,0,0,0,0,0,0,0,1,0,0,0,0,-4,0
401071303,0,id,2011,K. Korver,SG,UTAH,21,2,7,2,6,3,3,1,1,2,2,0,1,2,2,-6,9
401071303,0,id,2990968,N. Mitrou-Long,SG,UTAH,3,1,1,0,0,0,0,0,0,0,0,0,0,1,0,-4,2
401071303,0,id,2968361,R. Neto,PG,UTAH,DNP-STRAINED LEFT GROIN
401071304,1,id,2797,M. Williams,PF,CHA,23,2,6,2,4,0,0,1,4,5,2,0,1,0,2,-21,6
401071304,1,id,3416,N. Batum,SF,CHA,24,3,6,2,3,0,0,0,5,5,2,0,0,3,1,-12,8
401071304,1,id,6427,B. Biyombo,C,CHA,22,3,9,0,0,0,0,1,7,8,2,0,0,0,1,-16,6
401071304,1,id,6479,K. Walker,PG,CHA,32,5,19,4,9,4,5,2,1,3,3,1,0,4,1,-29,18
401071304,1,id,6603,J. Lamb,SG,CHA,27,7,14,0,1,1,2,1,4,5,1,1,0,2,1,-22,15
401071304,0,id,2579294,F. Kaminsky,PF,CHA,8,2,3,1,1,0,0,1,1,2,1,0,0,1,0,-4,5
401071304,0,id,4066383,M. Bridges,SF,CHA,23,2,8,0,3,0,0,0,1,1,2,0,1,0,1,-12,4
401071304,0,id,6601,M. Kidd-Gilchrist,SF,CHA,18,2,4,0,1,1,2,2,1,3,1,0,0,0,1,-14,5
401071304,0,id,2999409,W. Hernangomez,C,CHA,13,3,4,0,0,1,2,2,6,8,1,0,0,0,2,-5,7
401071304,0,id,3133601,D. Graham,PG,CHA,7,2,3,2,2,1,2,0,0,0,0,1,0,1,0,+0,7
401071304,0,id,1015,T. Parker,PG,CHA,12,1,4,0,1,1,1,0,0,0,3,0,0,2,0,-7,3
401071304,0,id,3907821,D. Bacon,SG,CHA,8,2,3,1,1,0,0,0,2,2,1,0,0,0,0,-4,5
401071304,0,id,4066262,M. Monk,SG,CHA,23,2,7,1,4,2,2,0,1,1,4,0,0,0,0,-9,7
401071304,1,id,4248,A. Aminu,PF,POR,29,4,8,1,3,0,0,0,5,5,2,2,0,0,0,+26,9
401071304,1,id,2982268,J. Layman,SF,POR,27,4,10,1,4,0,0,1,4,5,2,0,0,0,2,+15,9
401071304,1,id,3102530,J. Nurkic,C,POR,30,5,6,0,0,1,1,3,8,11,8,1,6,1,2,+22,11
401071304,1,id,6606,D. Lillard,PG,POR,29,8,16,2,7,2,2,2,2,4,5,3,4,2,2,+26,20
401071304,1,id,2490149,C. McCollum,SG,POR,29,12,20,5,11,1,1,1,5,6,2,1,0,1,3,+26,30
401071304,0,id,4066650,Z. Collins,PF,POR,19,3,5,1,3,0,0,0,4,4,1,1,2,1,3,+5,7
401071304,0,id,6605,M. Leonard,PF,POR,11,2,3,0,0,0,0,0,1,1,1,0,3,0,4,+9,4
401071304,0,id,2991042,N. Stauskas,SG,POR,19,5,7,1,3,2,3,0,5,5,3,1,0,1,1,+5,13
401071304,0,id,4239,E. Turner,SG,POR,21,6,9,1,2,2,2,0,5,5,3,1,0,0,2,+16,15
401071304,0,id,4277843,G. Trent Jr.,SG,POR,7,1,4,1,3,0,0,0,0,0,1,0,1,0,0,+0,3
401071304,0,id,4351851,A. Simons,SG,POR,7,0,0,0,0,0,0,0,0,0,2,0,0,1,0,+0,0
401071304,0,id,2326307,S. Curry,SG,POR,12,2,5,2,4,0,0,0,1,1,1,0,0,2,1,+5,6
401071304,0,id,6591,M. Harkless,SF,POR,DNP-LEFT KNEE INJURY
401071305,1,id,4066336,L. Markkanen,PF,CHI,26,3,8,0,4,2,2,0,5,5,0,0,0,0,0,-39,8
401071305,1,id,4277847,W. Carter Jr.,PF,CHI,17,2,5,0,0,0,0,2,3,5,1,1,0,2,4,-40,4
401071305,1,id,3149010,C. Hutchison,SF,CHI,29,3,7,0,1,0,0,1,5,6,0,1,0,1,1,-19,6
401071305,1,id,2991139,K. Dunn,PG,CHI,25,2,9,1,1,1,2,0,0,0,5,2,0,1,5,-45,6
401071305,1,id,3064440,Z. LaVine,PG,CHI,27,10,16,3,5,6,7,1,3,4,0,0,0,5,3,-36,29
401071305,0,id,3064482,B. Portis,PF,CHI,17,4,7,1,1,7,8,1,3,4,1,2,0,1,0,-23,16
401071305,0,id,3113587,C. Felicio,PF,CHI,9,1,3,0,1,2,2,0,0,0,0,0,0,0,1,+0,4
401071305,0,id,3447,R. Lopez,C,CHI,13,2,4,1,1,0,0,0,1,1,0,0,0,0,2,+10,5
401071305,0,id,2991047,R. Arcidiacono,PG,CHI,25,2,4,2,3,4,4,0,1,1,3,0,0,0,2,+6,10
401071305,0,id,2991274,S. Harrison,PG,CHI,18,1,2,0,0,4,4,0,1,1,2,2,1,3,0,-2,6
401071305,0,id,3907386,A. Blakeney,SG,CHI,13,4,7,1,1,3,4,0,0,0,1,0,0,0,1,-1,12
401071305,0,id,3059316,W. Selden,SG,CHI,21,1,6,0,2,1,1,0,2,2,3,1,0,0,2,+4,3
401071305,0,id,3056600,J. Parker,PF,CHI,DNP-COACH'S DECISION
401071305,1,id,6589,D. Green,PF,GS,21,0,1,0,0,2,2,1,6,7,7,0,1,0,4,+25,2
401071305,1,id,3202,K. Durant,SF,GS,28,7,11,2,3,6,6,0,4,4,5,1,1,1,1,+42,22
401071305,1,id,3155535,K. Looney,SF,GS,23,4,6,0,0,0,1,3,4,7,5,1,2,0,4,+35,8
401071305,1,id,3975,S. Curry,PG,GS,27,10,16,5,11,3,3,2,3,5,8,0,0,4,0,+39,28
401071305,1,id,6475,K. Thompson,SG,GS,25,10,18,7,11,3,4,0,2,2,1,2,0,0,2,+30,30
401071305,0,id,3064427,J. Bell,PF,GS,15,6,10,0,0,1,1,0,1,1,2,0,2,1,0,+9,13
401071305,0,id,3998,J. Jerebko,PF,GS,21,2,4,1,3,3,4,0,4,4,3,0,0,1,2,-2,8
401071305,0,id,3934670,M. Derrickson,F,GS,12,4,8,1,4,1,2,1,0,1,0,0,1,1,3,-3,10
401071305,0,id,2530923,A. McKinnie,SF,GS,20,1,3,0,1,2,2,2,6,8,0,0,0,2,5,-3,4
401071305,0,id,2566745,Q. Cook,PG,GS,20,7,11,1,4,0,0,2,3,5,4,0,0,1,2,+10,15
401071305,0,id,2393,S. Livingston,PG,GS,9,1,1,0,0,1,1,0,1,1,1,0,0,1,2,-3,3
401071305,0,id,2386,A. Iguodala,SG,GS,19,1,3,1,2,0,0,0,4,4,2,2,1,0,2,+6,3
